7.29
6.69
6.98
7.39
7.11
7.30
7.03
7.02
7.56
7.28
6.95
7.17
7.14
7.40
6.75
6.97
7.23
6.96
6.77
7.16
6.87
6.90
7.31
6.78
6.35
6.96
7.11
6.57
7.00
7.30
7.16
6.87
7.08
6.96
7.02
6.99
6.78
6.80
7.24
6.70
7.40
6.94
6.79
7.10
7.34
6.57
7.12
7.29
7.07
7.13
7.47
6.88
7.16
7.05
7.03
6.95
7.31
6.84
7.16
6.84
6.68
7.43
7.25
6.93
6.90
7.23
6.49
6.44
7.05
7.29
7.32
6.60
6.75
7.27
7.45
6.69
7.47
6.44
7.07
7.48
7.02
7.27
6.36
6.98
7.30
7.08
7.35
6.86
7.42
6.85
7.14
7.24
7.44
6.89
7.50
7.04
6.59
6.78
6.39
7.19
6.75
6.34
7.12
7.18
6.89
7.00
6.65
6.36
7.60
6.45
6.73
7.42
7.44
7.44
6.98
7.49
6.86
7.57
6.94
7.09
7.45
7.49
6.53
6.74
6.66
6.91
6.46
7.51
6.78
7.22
6.71
7.19
6.60
6.64
6.99
6.97
6.99
6.82
7.41
6.78
7.04
6.61
6.77
7.47
6.37
6.75
7.14
6.77
7.09
7.41
7.10
7.36
7.52
6.62
7.39
6.40
7.48
6.61
7.55
6.46
6.69
7.43
7.45
7.60
7.56
6.35
7.02
7.52
6.84
6.72
6.47
6.75
7.09
6.90
6.62
6.79
7.44
6.84
6.78
7.51
6.63
7.22
7.57
6.52
7.12
7.15
7.36
7.01
6.87
7.41
7.48
7.47
6.87
6.82
7.59
6.53
7.00
6.55
6.46
7.19
6.88
7.23
6.32
7.22
6.54
6.67
7.44
6.88
7.23
7.34
6.32
6.55
6.40
6.77
7.55
6.98
7.46
6.58
7.19
6.70
7.02
6.40
7.06
7.23
7.15
7.10
7.30
6.64
6.82
6.87
6.55
6.55
6.59
6.77
6.81
6.43
6.61
7.26
7.41
7.08
7.18
6.69
6.81